0 0 0
0 0 0.01
0 0 0.02
0 0 0.03
0 0 0.04
0 0 0.05
0 0 0.06
0 0 0.07
0 0 0.08
0 0 0.09
0 0 0.1
0 0 0.11
0 0 0.12
0 0 0.13
0 0 0.14
0 0 0.15
0 0 0.16
0 0 0.17
0 0 0.18
0 0 0.19
0 0 0.2
0 0 0.21
0 0 0.22
0 0 0.23
0 0 0.24
0 0 0.25
0 0 0.26
0 0 0.27
0 0 0.28
0 0 0.29
0 0 0.3
0 0 0.31
0 0 0.32
0 0 0.33
0 0 0.34
0 0 0.35
0 0 0.36
0 0 0.37
0 0 0.38
0 0 0.39
0 0 0.4
0 0 0.41
0 0 0.42
0 0 0.43
0 0 0.44
0 0 0.45
0 0 0.46
0 0 0.47
0 0 0.48
0 0 0.49
0 0 0.5
0 0 0.51
0 0 0.52
0 0 0.53
0 0 0.54
0 0 0.55
0 0 0.56
0 0 0.57
0 0 0.58
0 0 0.59
0 0 0.6
0 0 0.61
0 0 0.62
0 0 0.63
0 0 0.64
0 0 0.65
0 0 0.66
0 0 0.67
0 0 0.68
0 0 0.69
0 0 0.7
0 0 0.71
0 0 0.72
0 0 0.73
0 0 0.74
0 0 0.75
0 0 0.76
0 0 0.77
0 0 0.78
0 0 0.79
0 0 0.8
0 0 0.81
0 0 0.82
0 0 0.83
0 0 0.84
0 0 0.85
0 0 0.86
0 0 0.87
0 0 0.88
0 0 0.89
0 0 0.9
0 0 0.91
0 0 0.92
0 0 0.93
0 0 0.94
0 0 0.95
0 0 0.96
0 0 0.97
0 0 0.98
0 0 0.99
0 0 1
0 0 1.01
0 0 1.02
0 0 1.03
0 0 1.04
0 0 1.05
0 0 1.06
0 0 1.07
0 0 1.08
0 0 1.09
0 0 1.1
0 0 1.11
0 0 1.12
0 0 1.13
0 0 1.14
0 0 1.15
0 0 1.16
0 0 1.17
0 0 1.18
0 0 1.19
0 0 1.2
0 0 1.21
0 0 1.22
0 0 1.23
0 0 1.24
0 0 1.25
0 0 1.26
0 0 1.27
0 0 1.28
0 0 1.29
0 0 1.3
0 0 1.31
0 0 1.32
0 0 1.33
0 0 1.34
0 0 1.35
0 0 1.36
0 0 1.37
0 0 1.38
0 0 1.39
0 0 1.4
0 0 1.41
0 0 1.42
0 0 1.43
0 0 1.44
0 0 1.45
0 0 1.46
0 0 1.47
0 0 1.48
0 0 1.49
0 0 1.5
0 0 1.51
0 0 1.52
0 0 1.53
0 0 1.54
0 0 1.55
0 0 1.56
0 0 1.57
0 0 1.58
0 0 1.59
0 0 1.6
0 0 1.61
0 0 1.62
0 0 1.63
0 0 1.64
0 0 1.65
0 0 1.66
0 0 1.67
0 0 1.68
0 0 1.69
0 0 1.7
0 0 1.71
0 0 1.72
0 0 1.73
0 0 1.74
0 0 1.75
0 0 1.76
0 0 1.77
0 0 1.78
0 0 1.79
0 0 1.8
0 0 1.81
0 0 1.82
0 0 1.83
0 0 1.84
0 0 1.85
0 0 1.86
0 0 1.87
0 0 1.88
0 0 1.89
0 0 1.9
0 0 1.91
0 0 1.92
0 0 1.93
0 0 1.94
0 0 1.95
0 0 1.96
0 0 1.97
0 0 1.98
0 0 1.99
0 0 2
0 0 2.01
0 0 2.02
0 0 2.03
0 0 2.04
0 0 2.05
0 0 2.06
0 0 2.07
0 0 2.08
0 0 2.09
0 0 2.1
0 0 2.11
0 0 2.12
0 0 2.13
0 0 2.14
0 0 2.15
0 0 2.16
0 0 2.17
0 0 2.18
0 0 2.19
0 0 2.2
0 0 2.21
0 0 2.22
0 0 2.23
0 0 2.24
0 0 2.25
0 0 2.26
0 0 2.27
0 0 2.28
0 0 2.29
0 0 2.3
0 0 2.31
0 0 2.32
0 0 2.33
0 0 2.34
0 0 2.35
0 0 2.36
0 0 2.37
0 0 2.38
0 0 2.39
0 0 2.4
0 0 2.41
0 0 2.42
0 0 2.43
0 0 2.44
0 0 2.45
0 0 2.46
0 0 2.47
0 0 2.48
0 0 2.49
0 0 2.5
0 0 2.51
0 0 2.52
0 0 2.53
0 0 2.54
0 0 2.55
0 0 2.56
0 0 2.57
0 0 2.58
0 0 2.59
0 0 2.6
0 0 2.61
0 0 2.62
0 0 2.63
0 0 2.64
0 0 2.65
0 0 2.66
0 0 2.67
0 0 2.68
0 0 2.69
0 0 2.7
0 0 2.71
0 0 2.72
0 0 2.73
0 0 2.74
0 0 2.75
0 0 2.76
0 0 2.77
0 0 2.78
0 0 2.79
0 0 2.8
0 0 2.81
0 0 2.82
0 0 2.83
0 0 2.84
0 0 2.85
0 0 2.86
0 0 2.87
0 0 2.88
0 0 2.89
0 0 2.9
0 0 2.91
0 0 2.92
0 0 2.93
0 0 2.94
0 0 2.95
0 0 2.96
0 0 2.97
0 0 2.98
0 0 2.99
0 0 3
0 0 3.01
0 0 3.02
0 0 3.03
0 0 3.04
0 0 3.05
0 0 3.06
0 0 3.07
0 0 3.08
0 0 3.09
0 0 3.1
0 0 3.11
0 0 3.12
0 0 3.13
0 0 3.14
0 0 3.15
0 0 3.16
0 0 3.17
0 0 3.18
0 0 3.19
0 0 3.2
0 0 3.21
0 0 3.22
0 0 3.23
0 0 3.24
0 0 3.25
0 0 3.26
0 0 3.27
0 0 3.28
0 0 3.29
0 0 3.3
0 0 3.31
0 0 3.32
0 0 3.33
0 0 3.34
0 0 3.35
0 0 3.36
0 0 3.37
0 0 3.38
0 0 3.39
0 0 3.4
0 0 3.41
0 0 3.42
0 0 3.43
0 0 3.44
0 0 3.45
0 0 3.46
0 0 3.47
0 0 3.48
0 0 3.49
0 0 3.5
0 0 3.51
0 0 3.52
0 0 3.53
0 0 3.54
0 0 3.55
0 0 3.56
0 0 3.57
0 0 3.58
0 0 3.59
0 0 3.6
0 0 3.61
0 0 3.62
0 0 3.63
0 0 3.64
0 0 3.65
0 0 3.66
0 0 3.67
0 0 3.68
0 0 3.69
0 0 3.7
0 0 3.71
0 0 3.72
0 0 3.73
0 0 3.74
0 0 3.75
0 0 3.76
0 0 3.77
0 0 3.78
0 0 3.79
0 0 3.8
0 0 3.81
0 0 3.82
0 0 3.83
0 0 3.84
0 0 3.85
0 0 3.86
0 0 3.87
0 0 3.88
0 0 3.89
0 0 3.9
0 0 3.91
0 0 3.92
0 0 3.93
0 0 3.94
0 0 3.95
0 0 3.96
0 0 3.97
0 0 3.98
0 0 3.99
0 0 4
0 0.01 0
0 0.01 4
0 0.02 0
0 0.02 4
0 0.03 0
0 0.03 4
0 0.04 0
0 0.04 4
0 0.05 0
0 0.05 4
0 0.06 0
0 0.06 4
0 0.07 0
0 0.07 4
0 0.08 0
0 0.08 4
0 0.09 0
0 0.09 4
0 0.1 0
0 0.1 4
0 0.11 0
0 0.11 4
0 0.12 0
0 0.12 4
0 0.13 0
0 0.13 4
0 0.14 0
0 0.14 4
0 0.15 0
0 0.15 4
0 0.16 0
0 0.16 4
0 0.17 0
0 0.17 4
0 0.18 0
0 0.18 4
0 0.19 0
0 0.19 4
0 0.2 0
0 0.2 4
0 0.21 0
0 0.21 4
0 0.22 0
0 0.22 4
0 0.23 0
0 0.23 4
0 0.24 0
0 0.24 4
0 0.25 0
0 0.25 4
0 0.26 0
0 0.26 4
0 0.27 0
0 0.27 4
0 0.28 0
0 0.28 4
0 0.29 0
0 0.29 4
0 0.3 0
0 0.3 4
0 0.31 0
0 0.31 4
0 0.32 0
0 0.32 4
0 0.33 0
0 0.33 4
0 0.34 0
0 0.34 4
0 0.35 0
0 0.35 4
0 0.36 0
0 0.36 4
0 0.37 0
0 0.37 4
0 0.38 0
0 0.38 4
0 0.39 0
0 0.39 4
0 0.4 0
0 0.4 4
0 0.41 0
0 0.41 4
0 0.42 0
0 0.42 4
0 0.43 0
0 0.43 4
0 0.44 0
0 0.44 4
0 0.45 0
0 0.45 4
0 0.46 0
0 0.46 4
0 0.47 0
0 0.47 4
0 0.48 0
0 0.48 4
0 0.49 0
0 0.49 4
0 0.5 0
0 0.5 4
0 0.51 0
0 0.51 4
0 0.52 0
0 0.52 4
0 0.53 0
0 0.53 4
0 0.54 0
0 0.54 4
0 0.55 0
0 0.55 4
0 0.56 0
0 0.56 4
0 0.57 0
0 0.57 4
0 0.58 0
0 0.58 4
0 0.59 0
0 0.59 4
0 0.6 0
0 0.6 4
0 0.61 0
0 0.61 4
0 0.62 0
0 0.62 4
0 0.63 0
0 0.63 4
0 0.64 0
0 0.64 4
0 0.65 0
0 0.65 4
0 0.66 0
0 0.66 4
0 0.67 0
0 0.67 4
0 0.68 0
0 0.68 4
0 0.69 0
0 0.69 4
0 0.7 0
0 0.7 4
0 0.71 0
0 0.71 4
0 0.72 0
0 0.72 4
0 0.73 0
0 0.73 4
0 0.74 0
0 0.74 4
0 0.75 0
0 0.75 4
0 0.76 0
0 0.76 4
0 0.77 0
0 0.77 4
0 0.78 0
0 0.78 4
0 0.79 0
0 0.79 4
0 0.8 0
0 0.8 4
0 0.81 0
0 0.81 4
0 0.82 0
0 0.82 4
0 0.83 0
0 0.83 4
0 0.84 0
0 0.84 4
0 0.85 0
0 0.85 4
0 0.86 0
0 0.86 4
0 0.87 0
0 0.87 4
0 0.88 0
0 0.88 4
0 0.89 0
0 0.89 4
0 0.9 0
0 0.9 4
0 0.91 0
0 0.91 4
0 0.92 0
0 0.92 4
0 0.93 0
0 0.93 4
0 0.94 0
0 0.94 4
0 0.95 0
0 0.95 4
0 0.96 0
0 0.96 4
0 0.97 0
0 0.97 4
0 0.98 0
0 0.98 4
0 0.99 0
0 0.99 4
0 1 0
0 1 4
0 1.01 0
0 1.01 4
0 1.02 0
0 1.02 4
0 1.03 0
0 1.03 4
0 1.04 0
0 1.04 4
0 1.05 0
0 1.05 4
0 1.06 0
0 1.06 4
0 1.07 0
0 1.07 4
0 1.08 0
0 1.08 4
0 1.09 0
0 1.09 4
0 1.1 0
0 1.1 4
0 1.11 0
0 1.11 4
0 1.12 0
0 1.12 4
0 1.13 0
0 1.13 4
0 1.14 0
0 1.14 4
0 1.15 0
0 1.15 4
0 1.16 0
0 1.16 4
0 1.17 0
0 1.17 4
0 1.18 0
0 1.18 4
0 1.19 0
0 1.19 4
0 1.2 0
0 1.2 4
0 1.21 0
0 1.21 4
0 1.22 0
0 1.22 4
0 1.23 0
0 1.23 4
0 1.24 0
0 1.24 4
0 1.25 0
0 1.25 4
0 1.26 0
0 1.26 4
0 1.27 0
0 1.27 4
0 1.28 0
0 1.28 4
0 1.29 0
0 1.29 4
0 1.3 0
0 1.3 4
0 1.31 0
0 1.31 4
0 1.32 0
0 1.32 4
0 1.33 0
0 1.33 4
0 1.34 0
0 1.34 4
0 1.35 0
0 1.35 4
0 1.36 0
0 1.36 4
0 1.37 0
0 1.37 4
0 1.38 0
0 1.38 4
0 1.39 0
0 1.39 4
0 1.4 0
0 1.4 4
0 1.41 0
0 1.41 4
0 1.42 0
0 1.42 4
0 1.43 0
0 1.43 4
0 1.44 0
0 1.44 4
0 1.45 0
0 1.45 4
0 1.46 0
0 1.46 4
0 1.47 0
0 1.47 4
0 1.48 0
0 1.48 4
0 1.49 0
0 1.49 4
0 1.5 0
0 1.5 4
0 1.51 0
0 1.51 4
0 1.52 0
0 1.52 4
0 1.53 0
0 1.53 4
0 1.54 0
0 1.54 4
0 1.55 0
0 1.55 4
0 1.56 0
0 1.56 4
0 1.57 0
0 1.57 4
0 1.58 0
0 1.58 4
0 1.59 0
0 1.59 4
0 1.6 0
0 1.6 4
0 1.61 0
0 1.61 4
0 1.62 0
0 1.62 4
0 1.63 0
0 1.63 4
0 1.64 0
0 1.64 4
0 1.65 0
0 1.65 4
0 1.66 0
0 1.66 4
0 1.67 0
0 1.67 4
0 1.68 0
0 1.68 4
0 1.69 0
0 1.69 4
0 1.7 0
0 1.7 4
0 1.71 0
0 1.71 4
0 1.72 0
0 1.72 4
0 1.73 0
0 1.73 4
0 1.74 0
0 1.74 4
0 1.75 0
0 1.75 4
0 1.76 0
0 1.76 4
0 1.77 0
0 1.77 4
0 1.78 0
0 1.78 4
0 1.79 0
0 1.79 4
0 1.8 0
0 1.8 4
0 1.81 0
0 1.81 4
0 1.82 0
0 1.82 4
0 1.83 0
0 1.83 4
0 1.84 0
0 1.84 4
0 1.85 0
0 1.85 4
0 1.86 0
0 1.86 4
0 1.87 0
0 1.87 4
0 1.88 0
0 1.88 4
0 1.89 0
0 1.89 4
0 1.9 0
0 1.9 4
0 1.91 0
0 1.91 4
0 1.92 0
0 1.92 4
0 1.93 0
0 1.93 4
0 1.94 0
0 1.94 4
0 1.95 0
0 1.95 4
0 1.96 0
0 1.96 4
0 1.97 0
0 1.97 4
0 1.98 0
0 1.98 4
0 1.99 0
0 1.99 4
0 2 0
0 2 4
0 2.01 0
0 2.01 4
0 2.02 0
0 2.02 4
0 2.03 0
0 2.03 4
0 2.04 0
0 2.04 4
0 2.05 0
0 2.05 4
0 2.06 0
0 2.06 4
0 2.07 0
0 2.07 4
0 2.08 0
0 2.08 4
0 2.09 0
0 2.09 4
0 2.1 0
0 2.1 4
0 2.11 0
0 2.11 4
0 2.12 0
0 2.12 4
0 2.13 0
0 2.13 4
0 2.14 0
0 2.14 4
0 2.15 0
0 2.15 4
0 2.16 0
0 2.16 4
0 2.17 0
0 2.17 4
0 2.18 0
0 2.18 4
0 2.19 0
0 2.19 4
0 2.2 0
0 2.2 4
0 2.21 0
0 2.21 4
0 2.22 0
0 2.22 4
0 2.23 0
0 2.23 4
0 2.24 0
0 2.24 4
0 2.25 0
0 2.25 4
0 2.26 0
0 2.26 4
0 2.27 0
0 2.27 4
0 2.28 0
0 2.28 4
0 2.29 0
0 2.29 4
0 2.3 0
0 2.3 4
0 2.31 0
0 2.31 4
0 2.32 0
0 2.32 4
0 2.33 0
0 2.33 4
0 2.34 0
0 2.34 4
0 2.35 0
0 2.35 4
0 2.36 0
0 2.36 4
0 2.37 0
0 2.37 4
0 2.38 0
0 2.38 4
0 2.39 0
0 2.39 4
0 2.4 0
0 2.4 4
0 2.41 0
0 2.41 4
0 2.42 0
0 2.42 4
0 2.43 0
0 2.43 4
0 2.44 0
0 2.44 4
0 2.45 0
0 2.45 4
0 2.46 0
0 2.46 4
0 2.47 0
0 2.47 4
0 2.48 0
0 2.48 4
0 2.49 0
0 2.49 4
0 2.5 0
0 2.5 4
0 2.51 0
0 2.51 4
0 2.52 0
0 2.52 4
0 2.53 0
0 2.53 4
0 2.54 0
0 2.54 4
0 2.55 0
0 2.55 4
0 2.56 0
0 2.56 4
0 2.57 0
0 2.57 4
0 2.58 0
0 2.58 4
0 2.59 0
0 2.59 4
0 2.6 0
0 2.6 4
0 2.61 0
0 2.61 4
0 2.62 0
0 2.62 4
0 2.63 0
0 2.63 4
0 2.64 0
0 2.64 4
0 2.65 0
0 2.65 4
0 2.66 0
0 2.66 4
0 2.67 0
0 2.67 4
0 2.68 0
0 2.68 4
0 2.69 0
0 2.69 4
0 2.7 0
0 2.7 4
0 2.71 0
0 2.71 4
0 2.72 0
0 2.72 4
0 2.73 0
0 2.73 4
0 2.74 0
0 2.74 4
0 2.75 0
0 2.75 4
0 2.76 0
0 2.76 4
0 2.77 0
0 2.77 4
0 2.78 0
0 2.78 4
0 2.79 0
0 2.79 4
0 2.8 0
0 2.8 4
0 2.81 0
0 2.81 4
0 2.82 0
0 2.82 4
0 2.83 0
0 2.83 4
0 2.84 0
0 2.84 4
0 2.85 0
0 2.85 4
0 2.86 0
0 2.86 4
0 2.87 0
0 2.87 4
0 2.88 0
0 2.88 4
0 2.89 0
0 2.89 4
0 2.9 0
0 2.9 4
0 2.91 0
0 2.91 4
0 2.92 0
0 2.92 4
0 2.93 0
0 2.93 4
0 2.94 0
0 2.94 4
0 2.95 0
0 2.95 4
0 2.96 0
0 2.96 4
0 2.97 0
0 2.97 4
0 2.98 0
0 2.98 4
0 2.99 0
0 2.99 4
0 3 0
0 3 4
0 3.01 0
0 3.01 4
0 3.02 0
0 3.02 4
0 3.03 0
0 3.03 4
0 3.04 0
0 3.04 4
0 3.05 0
0 3.05 4
0 3.06 0
0 3.06 4
0 3.07 0
0 3.07 4
0 3.08 0
0 3.08 4
0 3.09 0
0 3.09 4
0 3.1 0
0 3.1 4
0 3.11 0
0 3.11 4
0 3.12 0
0 3.12 4
0 3.13 0
0 3.13 4
0 3.14 0
0 3.14 4
0 3.15 0
0 3.15 4
0 3.16 0
0 3.16 4
0 3.17 0
0 3.17 4
0 3.18 0
0 3.18 4
0 3.19 0
0 3.19 4
0 3.2 0
0 3.2 4
0 3.21 0
0 3.21 4
0 3.22 0
0 3.22 4
0 3.23 0
0 3.23 4
0 3.24 0
0 3.24 4
0 3.25 0
0 3.25 4
0 3.26 0
0 3.26 4
0 3.27 0
0 3.27 4
0 3.28 0
0 3.28 4
0 3.29 0
0 3.29 4
0 3.3 0
0 3.3 4
0 3.31 0
0 3.31 4
0 3.32 0
0 3.32 4
0 3.33 0
0 3.33 4
0 3.34 0
0 3.34 4
0 3.35 0
0 3.35 4
0 3.36 0
0 3.36 4
0 3.37 0
0 3.37 4
0 3.38 0
0 3.38 4
0 3.39 0
0 3.39 4
0 3.4 0
0 3.4 4
0 3.41 0
0 3.41 4
0 3.42 0
0 3.42 4
0 3.43 0
0 3.43 4
0 3.44 0
0 3.44 4
0 3.45 0
0 3.45 4
0 3.46 0
0 3.46 4
0 3.47 0
0 3.47 4
0 3.48 0
0 3.48 4
0 3.49 0
0 3.49 4
0 3.5 0
0 3.5 4
0 3.51 0
0 3.51 4
0 3.52 0
0 3.52 4
0 3.53 0
0 3.53 4
0 3.54 0
0 3.54 4
0 3.55 0
0 3.55 4
0 3.56 0
0 3.56 4
0 3.57 0
0 3.57 4
0 3.58 0
0 3.58 4
0 3.59 0
0 3.59 4
0 3.6 0
0 3.6 4
0 3.61 0
0 3.61 4
0 3.62 0
0 3.62 4
0 3.63 0
0 3.63 4
0 3.64 0
0 3.64 4
0 3.65 0
0 3.65 4
0 3.66 0
0 3.66 4
0 3.67 0
0 3.67 4
0 3.68 0
0 3.68 4
0 3.69 0
0 3.69 4
0 3.7 0
0 3.7 4
0 3.71 0
0 3.71 4
0 3.72 0
0 3.72 4
0 3.73 0
0 3.73 4
0 3.74 0
0 3.74 4
0 3.75 0
0 3.75 4
0 3.76 0
0 3.76 4
0 3.77 0
0 3.77 4
0 3.78 0
0 3.78 4
0 3.79 0
0 3.79 4
0 3.8 0
0 3.8 4
0 3.81 0
0 3.81 4
0 3.82 0
0 3.82 4
0 3.83 0
0 3.83 4
0 3.84 0
0 3.84 4
0 3.85 0
0 3.85 4
0 3.86 0
0 3.86 4
0 3.87 0
0 3.87 4
0 3.88 0
0 3.88 4
0 3.89 0
0 3.89 4
0 3.9 0
0 3.9 4
0 3.91 0
0 3.91 4
0 3.92 0
0 3.92 4
0 3.93 0
0 3.93 4
0 3.94 0
0 3.94 4
0 3.95 0
0 3.95 4
0 3.96 0
0 3.96 4
0 3.97 0
0 3.97 4
0 3.98 0
0 3.98 4
0 3.99 0
0 3.99 4
0 4 0
0 4 0.01
0 4 0.02
0 4 0.03
0 4 0.04
0 4 0.05
0 4 0.06
0 4 0.07
0 4 0.08
0 4 0.09
0 4 0.1
0 4 0.11
0 4 0.12
0 4 0.13
0 4 0.14
0 4 0.15
0 4 0.16
0 4 0.17
0 4 0.18
0 4 0.19
0 4 0.2
0 4 0.21
0 4 0.22
0 4 0.23
0 4 0.24
0 4 0.25
0 4 0.26
0 4 0.27
0 4 0.28
0 4 0.29
0 4 0.3
0 4 0.31
0 4 0.32
0 4 0.33
0 4 0.34
0 4 0.35
0 4 0.36
0 4 0.37
0 4 0.38
0 4 0.39
0 4 0.4
0 4 0.41
0 4 0.42
0 4 0.43
0 4 0.44
0 4 0.45
0 4 0.46
0 4 0.47
0 4 0.48
0 4 0.49
0 4 0.5
0 4 0.51
0 4 0.52
0 4 0.53
0 4 0.54
0 4 0.55
0 4 0.56
0 4 0.57
0 4 0.58
0 4 0.59
0 4 0.6
0 4 0.61
0 4 0.62
0 4 0.63
0 4 0.64
0 4 0.65
0 4 0.66
0 4 0.67
0 4 0.68
0 4 0.69
0 4 0.7
0 4 0.71
0 4 0.72
0 4 0.73
0 4 0.74
0 4 0.75
0 4 0.76
0 4 0.77
0 4 0.78
0 4 0.79
0 4 0.8
0 4 0.81
0 4 0.82
0 4 0.83
0 4 0.84
0 4 0.85
0 4 0.86
0 4 0.87
0 4 0.88
0 4 0.89
0 4 0.9
0 4 0.91
0 4 0.92
0 4 0.93
0 4 0.94
0 4 0.95
0 4 0.96
0 4 0.97
0 4 0.98
0 4 0.99
0 4 1
0 4 1.01
0 4 1.02
0 4 1.03
0 4 1.04
0 4 1.05
0 4 1.06
0 4 1.07
0 4 1.08
0 4 1.09
0 4 1.1
0 4 1.11
0 4 1.12
0 4 1.13
0 4 1.14
0 4 1.15
0 4 1.16
0 4 1.17
0 4 1.18
0 4 1.19
0 4 1.2
0 4 1.21
0 4 1.22
0 4 1.23
0 4 1.24
0 4 1.25
0 4 1.26
0 4 1.27
0 4 1.28
0 4 1.29
0 4 1.3
0 4 1.31
0 4 1.32
0 4 1.33
0 4 1.34
0 4 1.35
0 4 1.36
0 4 1.37
0 4 1.38
0 4 1.39
0 4 1.4
0 4 1.41
0 4 1.42
0 4 1.43
0 4 1.44
0 4 1.45
0 4 1.46
0 4 1.47
0 4 1.48
0 4 1.49
0 4 1.5
0 4 1.51
0 4 1.52
0 4 1.53
0 4 1.54
0 4 1.55
0 4 1.56
0 4 1.57
0 4 1.58
0 4 1.59
0 4 1.6
0 4 1.61
0 4 1.62
0 4 1.63
0 4 1.64
0 4 1.65
0 4 1.66
0 4 1.67
0 4 1.68
0 4 1.69
0 4 1.7
0 4 1.71
0 4 1.72
0 4 1.73
0 4 1.74
0 4 1.75
0 4 1.76
0 4 1.77
0 4 1.78
0 4 1.79
0 4 1.8
0 4 1.81
0 4 1.82
0 4 1.83
0 4 1.84
0 4 1.85
0 4 1.86
0 4 1.87
0 4 1.88
0 4 1.89
0 4 1.9
0 4 1.91
0 4 1.92
0 4 1.93
0 4 1.94
0 4 1.95
0 4 1.96
0 4 1.97
0 4 1.98
0 4 1.99
0 4 2
0 4 2.01
0 4 2.02
0 4 2.03
0 4 2.04
0 4 2.05
0 4 2.06
0 4 2.07
0 4 2.08
0 4 2.09
0 4 2.1
0 4 2.11
0 4 2.12
0 4 2.13
0 4 2.14
0 4 2.15
0 4 2.16
0 4 2.17
0 4 2.18
0 4 2.19
0 4 2.2
0 4 2.21
0 4 2.22
0 4 2.23
0 4 2.24
0 4 2.25
0 4 2.26
0 4 2.27
0 4 2.28
0 4 2.29
0 4 2.3
0 4 2.31
0 4 2.32
0 4 2.33
0 4 2.34
0 4 2.35
0 4 2.36
0 4 2.37
0 4 2.38
0 4 2.39
0 4 2.4
0 4 2.41
0 4 2.42
0 4 2.43
0 4 2.44
0 4 2.45
0 4 2.46
0 4 2.47
0 4 2.48
0 4 2.49
0 4 2.5
0 4 2.51
0 4 2.52
0 4 2.53
0 4 2.54
0 4 2.55
0 4 2.56
0 4 2.57
0 4 2.58
0 4 2.59
0 4 2.6
0 4 2.61
0 4 2.62
0 4 2.63
0 4 2.64
0 4 2.65
0 4 2.66
0 4 2.67
0 4 2.68
0 4 2.69
0 4 2.7
0 4 2.71
0 4 2.72
0 4 2.73
0 4 2.74
0 4 2.75
0 4 2.76
0 4 2.77
0 4 2.78
0 4 2.79
0 4 2.8
0 4 2.81
0 4 2.82
0 4 2.83
0 4 2.84
0 4 2.85
0 4 2.86
0 4 2.87
0 4 2.88
0 4 2.89
0 4 2.9
0 4 2.91
0 4 2.92
0 4 2.93
0 4 2.94
0 4 2.95
0 4 2.96
0 4 2.97
0 4 2.98
0 4 2.99
0 4 3
0 4 3.01
0 4 3.02
0 4 3.03
0 4 3.04
0 4 3.05
0 4 3.06
0 4 3.07
0 4 3.08
0 4 3.09
0 4 3.1
0 4 3.11
0 4 3.12
0 4 3.13
0 4 3.14
0 4 3.15
0 4 3.16
0 4 3.17
0 4 3.18
0 4 3.19
0 4 3.2
0 4 3.21
0 4 3.22
0 4 3.23
0 4 3.24
0 4 3.25
0 4 3.26
0 4 3.27
0 4 3.28
0 4 3.29
0 4 3.3
0 4 3.31
0 4 3.32
0 4 3.33
0 4 3.34
0 4 3.35
0 4 3.36
0 4 3.37
0 4 3.38
0 4 3.39
0 4 3.4
0 4 3.41
0 4 3.42
0 4 3.43
0 4 3.44
0 4 3.45
0 4 3.46
0 4 3.47
0 4 3.48
0 4 3.49
0 4 3.5
0 4 3.51
0 4 3.52
0 4 3.53
0 4 3.54
0 4 3.55
0 4 3.56
0 4 3.57
0 4 3.58
0 4 3.59
0 4 3.6
0 4 3.61
0 4 3.62
0 4 3.63
0 4 3.64
0 4 3.65
0 4 3.66
0 4 3.67
0 4 3.68
0 4 3.69
0 4 3.7
0 4 3.71
0 4 3.72
0 4 3.73
0 4 3.74
0 4 3.75
0 4 3.76
0 4 3.77
0 4 3.78
0 4 3.79
0 4 3.8
0 4 3.81
0 4 3.82
0 4 3.83
0 4 3.84
0 4 3.85
0 4 3.86
0 4 3.87
0 4 3.88
0 4 3.89
0 4 3.9
0 4 3.91
0 4 3.92
0 4 3.93
0 4 3.94
0 4 3.95
0 4 3.96
0 4 3.97
0 4 3.98
0 4 3.99
0 4 4
0.01 0 0
0.01 0 4
0.01 4 0
0.01 4 4
0.02 0 0
0.02 0 4
0.02 4 0
0.02 4 4
0.03 0 0
0.03 0 4
0.03 4 0
0.03 4 4
0.04 0 0
0.04 0 4
0.04 4 0
0.04 4 4
0.05 0 0
0.05 0 4
0.05 4 0
0.05 4 4
0.06 0 0
0.06 0 4
0.06 4 0
0.06 4 4
0.07 0 0
0.07 0 4
0.07 4 0
0.07 4 4
0.08 0 0
0.08 0 4
0.08 4 0
0.08 4 4
0.09 0 0
0.09 0 4
0.09 4 0
0.09 4 4
0.1 0 0
0.1 0 4
0.1 4 0
0.1 4 4
0.11 0 0
0.11 0 4
0.11 4 0
0.11 4 4
0.12 0 0
0.12 0 4
0.12 4 0
0.12 4 4
0.13 0 0
0.13 0 4
0.13 4 0
0.13 4 4
0.14 0 0
0.14 0 4
0.14 4 0
0.14 4 4
0.15 0 0
0.15 0 4
0.15 4 0
0.15 4 4
0.16 0 0
0.16 0 4
0.16 4 0
0.16 4 4
0.17 0 0
0.17 0 4
0.17 4 0
0.17 4 4
0.18 0 0
0.18 0 4
0.18 4 0
0.18 4 4
0.19 0 0
0.19 0 4
0.19 4 0
0.19 4 4
0.2 0 0
0.2 0 4
0.2 4 0
0.2 4 4
0.21 0 0
0.21 0 4
0.21 4 0
0.21 4 4
0.22 0 0
0.22 0 4
0.22 4 0
0.22 4 4
0.23 0 0
0.23 0 4
0.23 4 0
0.23 4 4
0.24 0 0
0.24 0 4
0.24 4 0
0.24 4 4
0.25 0 0
0.25 0 4
0.25 4 0
0.25 4 4
0.26 0 0
0.26 0 4
0.26 4 0
0.26 4 4
0.27 0 0
0.27 0 4
0.27 4 0
0.27 4 4
0.28 0 0
0.28 0 4
0.28 4 0
0.28 4 4
0.29 0 0
0.29 0 4
0.29 4 0
0.29 4 4
0.3 0 0
0.3 0 4
0.3 4 0
0.3 4 4
0.31 0 0
0.31 0 4
0.31 4 0
0.31 4 4
0.32 0 0
0.32 0 4
0.32 4 0
0.32 4 4
0.33 0 0
0.33 0 4
0.33 4 0
0.33 4 4
0.34 0 0
0.34 0 4
0.34 4 0
0.34 4 4
0.35 0 0
0.35 0 4
0.35 4 0
0.35 4 4
0.36 0 0
0.36 0 4
0.36 4 0
0.36 4 4
0.37 0 0
0.37 0 4
0.37 4 0
0.37 4 4
0.38 0 0
0.38 0 4
0.38 4 0
0.38 4 4
0.39 0 0
0.39 0 4
0.39 4 0
0.39 4 4
0.4 0 0
0.4 0 4
0.4 4 0
0.4 4 4
0.41 0 0
0.41 0 4
0.41 4 0
0.41 4 4
0.42 0 0
0.42 0 4
0.42 4 0
0.42 4 4
0.43 0 0
0.43 0 4
0.43 4 0
0.43 4 4
0.44 0 0
0.44 0 4
0.44 4 0
0.44 4 4
0.45 0 0
0.45 0 4
0.45 4 0
0.45 4 4
0.46 0 0
0.46 0 4
0.46 4 0
0.46 4 4
0.47 0 0
0.47 0 4
0.47 4 0
0.47 4 4
0.48 0 0
0.48 0 4
0.48 4 0
0.48 4 4
0.49 0 0
0.49 0 4
0.49 4 0
0.49 4 4
0.5 0 0
0.5 0 4
0.5 4 0
0.5 4 4
0.51 0 0
0.51 0 4
0.51 4 0
0.51 4 4
0.52 0 0
0.52 0 4
0.52 4 0
0.52 4 4
0.53 0 0
0.53 0 4
0.53 4 0
0.53 4 4
0.54 0 0
0.54 0 4
0.54 4 0
0.54 4 4
0.55 0 0
0.55 0 4
0.55 4 0
0.55 4 4
0.56 0 0
0.56 0 4
0.56 4 0
0.56 4 4
0.57 0 0
0.57 0 4
0.57 4 0
0.57 4 4
0.58 0 0
0.58 0 4
0.58 4 0
0.58 4 4
0.59 0 0
0.59 0 4
0.59 4 0
0.59 4 4
0.6 0 0
0.6 0 4
0.6 4 0
0.6 4 4
0.61 0 0
0.61 0 4
0.61 4 0
0.61 4 4
0.62 0 0
0.62 0 4
0.62 4 0
0.62 4 4
0.63 0 0
0.63 0 4
0.63 4 0
0.63 4 4
0.64 0 0
0.64 0 4
0.64 4 0
0.64 4 4
0.65 0 0
0.65 0 4
0.65 4 0
0.65 4 4
0.66 0 0
0.66 0 4
0.66 4 0
0.66 4 4
0.67 0 0
0.67 0 4
0.67 4 0
0.67 4 4
0.68 0 0
0.68 0 4
0.68 4 0
0.68 4 4
0.69 0 0
0.69 0 4
0.69 4 0
0.69 4 4
0.7 0 0
0.7 0 4
0.7 4 0
0.7 4 4
0.71 0 0
0.71 0 4
0.71 4 0
0.71 4 4
0.72 0 0
0.72 0 4
0.72 4 0
0.72 4 4
0.73 0 0
0.73 0 4
0.73 4 0
0.73 4 4
0.74 0 0
0.74 0 4
0.74 4 0
0.74 4 4
0.75 0 0
0.75 0 4
0.75 4 0
0.75 4 4
0.76 0 0
0.76 0 4
0.76 4 0
0.76 4 4
0.77 0 0
0.77 0 4
0.77 4 0
0.77 4 4
0.78 0 0
0.78 0 4
0.78 4 0
0.78 4 4
0.79 0 0
0.79 0 4
0.79 4 0
0.79 4 4
0.8 0 0
0.8 0 4
0.8 4 0
0.8 4 4
0.81 0 0
0.81 0 4
0.81 4 0
0.81 4 4
0.82 0 0
0.82 0 4
0.82 4 0
0.82 4 4
0.83 0 0
0.83 0 4
0.83 4 0
0.83 4 4
0.84 0 0
0.84 0 4
0.84 4 0
0.84 4 4
0.85 0 0
0.85 0 4
0.85 4 0
0.85 4 4
0.86 0 0
0.86 0 4
0.86 4 0
0.86 4 4
0.87 0 0
0.87 0 4
0.87 4 0
0.87 4 4
0.88 0 0
0.88 0 4
0.88 4 0
0.88 4 4
0.89 0 0
0.89 0 4
0.89 4 0
0.89 4 4
0.9 0 0
0.9 0 4
0.9 4 0
0.9 4 4
0.91 0 0
0.91 0 4
0.91 4 0
0.91 4 4
0.92 0 0
0.92 0 4
0.92 4 0
0.92 4 4
0.93 0 0
0.93 0 4
0.93 4 0
0.93 4 4
0.94 0 0
0.94 0 4
0.94 4 0
0.94 4 4
0.95 0 0
0.95 0 4
0.95 4 0
0.95 4 4
0.96 0 0
0.96 0 4
0.96 4 0
0.96 4 4
0.97 0 0
0.97 0 4
0.97 4 0
0.97 4 4
0.98 0 0
0.98 0 4
0.98 4 0
0.98 4 4
0.99 0 0
0.99 0 4
0.99 4 0
0.99 4 4
1 0 0
1 0 4
1 4 0
1 4 4
1.01 0 0
1.01 0 4
1.01 4 0
1.01 4 4
1.02 0 0
1.02 0 4
1.02 4 0
1.02 4 4
1.03 0 0
1.03 0 4
1.03 4 0
1.03 4 4
1.04 0 0
1.04 0 4
1.04 4 0
1.04 4 4
1.05 0 0
1.05 0 4
1.05 4 0
1.05 4 4
1.06 0 0
1.06 0 4
1.06 4 0
1.06 4 4
1.07 0 0
1.07 0 4
1.07 4 0
1.07 4 4
1.08 0 0
1.08 0 4
1.08 4 0
1.08 4 4
1.09 0 0
1.09 0 4
1.09 4 0
1.09 4 4
1.1 0 0
1.1 0 4
1.1 4 0
1.1 4 4
1.11 0 0
1.11 0 4
1.11 4 0
1.11 4 4
1.12 0 0
1.12 0 4
1.12 4 0
1.12 4 4
1.13 0 0
1.13 0 4
1.13 4 0
1.13 4 4
1.14 0 0
1.14 0 4
1.14 4 0
1.14 4 4
1.15 0 0
1.15 0 4
1.15 4 0
1.15 4 4
1.16 0 0
1.16 0 4
1.16 4 0
1.16 4 4
1.17 0 0
1.17 0 4
1.17 4 0
1.17 4 4
1.18 0 0
1.18 0 4
1.18 4 0
1.18 4 4
1.19 0 0
1.19 0 4
1.19 4 0
1.19 4 4
1.2 0 0
1.2 0 4
1.2 4 0
1.2 4 4
1.21 0 0
1.21 0 4
1.21 4 0
1.21 4 4
1.22 0 0
1.22 0 4
1.22 4 0
1.22 4 4
1.23 0 0
1.23 0 4
1.23 4 0
1.23 4 4
1.24 0 0
1.24 0 4
1.24 4 0
1.24 4 4
1.25 0 0
1.25 0 4
1.25 4 0
1.25 4 4
1.26 0 0
1.26 0 4
1.26 4 0
1.26 4 4
1.27 0 0
1.27 0 4
1.27 4 0
1.27 4 4
1.28 0 0
1.28 0 4
1.28 4 0
1.28 4 4
1.29 0 0
1.29 0 4
1.29 4 0
1.29 4 4
1.3 0 0
1.3 0 4
1.3 4 0
1.3 4 4
1.31 0 0
1.31 0 4
1.31 4 0
1.31 4 4
1.32 0 0
1.32 0 4
1.32 4 0
1.32 4 4
1.33 0 0
1.33 0 4
1.33 4 0
1.33 4 4
1.34 0 0
1.34 0 4
1.34 4 0
1.34 4 4
1.35 0 0
1.35 0 4
1.35 4 0
1.35 4 4
1.36 0 0
1.36 0 4
1.36 4 0
1.36 4 4
1.37 0 0
1.37 0 4
1.37 4 0
1.37 4 4
1.38 0 0
1.38 0 4
1.38 4 0
1.38 4 4
1.39 0 0
1.39 0 4
1.39 4 0
1.39 4 4
1.4 0 0
1.4 0 4
1.4 4 0
1.4 4 4
1.41 0 0
1.41 0 4
1.41 4 0
1.41 4 4
1.42 0 0
1.42 0 4
1.42 4 0
1.42 4 4
1.43 0 0
1.43 0 4
1.43 4 0
1.43 4 4
1.44 0 0
1.44 0 4
1.44 4 0
1.44 4 4
1.45 0 0
1.45 0 4
1.45 4 0
1.45 4 4
1.46 0 0
1.46 0 4
1.46 4 0
1.46 4 4
1.47 0 0
1.47 0 4
1.47 4 0
1.47 4 4
1.48 0 0
1.48 0 4
1.48 4 0
1.48 4 4
1.49 0 0
1.49 0 4
1.49 4 0
1.49 4 4
1.5 0 0
1.5 0 4
1.5 4 0
1.5 4 4
1.51 0 0
1.51 0 4
1.51 4 0
1.51 4 4
1.52 0 0
1.52 0 4
1.52 4 0
1.52 4 4
1.53 0 0
1.53 0 4
1.53 4 0
1.53 4 4
1.54 0 0
1.54 0 4
1.54 4 0
1.54 4 4
1.55 0 0
1.55 0 4
1.55 4 0
1.55 4 4
1.56 0 0
1.56 0 4
1.56 4 0
1.56 4 4
1.57 0 0
1.57 0 4
1.57 4 0
1.57 4 4
1.58 0 0
1.58 0 4
1.58 4 0
1.58 4 4
1.59 0 0
1.59 0 4
1.59 4 0
1.59 4 4
1.6 0 0
1.6 0 4
1.6 4 0
1.6 4 4
1.61 0 0
1.61 0 4
1.61 4 0
1.61 4 4
1.62 0 0
1.62 0 4
1.62 4 0
1.62 4 4
1.63 0 0
1.63 0 4
1.63 4 0
1.63 4 4
1.64 0 0
1.64 0 4
1.64 4 0
1.64 4 4
1.65 0 0
1.65 0 4
1.65 4 0
1.65 4 4
1.66 0 0
1.66 0 4
1.66 4 0
1.66 4 4
1.67 0 0
1.67 0 4
1.67 4 0
1.67 4 4
1.68 0 0
1.68 0 4
1.68 4 0
1.68 4 4
1.69 0 0
1.69 0 4
1.69 4 0
1.69 4 4
1.7 0 0
1.7 0 4
1.7 4 0
1.7 4 4
1.71 0 0
1.71 0 4
1.71 4 0
1.71 4 4
1.72 0 0
1.72 0 4
1.72 4 0
1.72 4 4
1.73 0 0
1.73 0 4
1.73 4 0
1.73 4 4
1.74 0 0
1.74 0 4
1.74 4 0
1.74 4 4
1.75 0 0
1.75 0 4
1.75 4 0
1.75 4 4
1.76 0 0
1.76 0 4
1.76 4 0
1.76 4 4
1.77 0 0
1.77 0 4
1.77 4 0
1.77 4 4
1.78 0 0
1.78 0 4
1.78 4 0
1.78 4 4
1.79 0 0
1.79 0 4
1.79 4 0
1.79 4 4
1.8 0 0
1.8 0 4
1.8 4 0
1.8 4 4
1.81 0 0
1.81 0 4
1.81 4 0
1.81 4 4
1.82 0 0
1.82 0 4
1.82 4 0
1.82 4 4
1.83 0 0
1.83 0 4
1.83 4 0
1.83 4 4
1.84 0 0
1.84 0 4
1.84 4 0
1.84 4 4
1.85 0 0
1.85 0 4
1.85 4 0
1.85 4 4
1.86 0 0
1.86 0 4
1.86 4 0
1.86 4 4
1.87 0 0
1.87 0 4
1.87 4 0
1.87 4 4
1.88 0 0
1.88 0 4
1.88 4 0
1.88 4 4
1.89 0 0
1.89 0 4
1.89 4 0
1.89 4 4
1.9 0 0
1.9 0 4
1.9 4 0
1.9 4 4
1.91 0 0
1.91 0 4
1.91 4 0
1.91 4 4
1.92 0 0
1.92 0 4
1.92 4 0
1.92 4 4
1.93 0 0
1.93 0 4
1.93 4 0
1.93 4 4
1.94 0 0
1.94 0 4
1.94 4 0
1.94 4 4
1.95 0 0
1.95 0 4
1.95 4 0
1.95 4 4
1.96 0 0
1.96 0 4
1.96 4 0
1.96 4 4
1.97 0 0
1.97 0 4
1.97 4 0
1.97 4 4
1.98 0 0
1.98 0 4
1.98 4 0
1.98 4 4
1.99 0 0
1.99 0 4
1.99 4 0
1.99 4 4
2 0 0
2 0 4
2 4 0
2 4 4
2.01 0 0
2.01 0 4
2.01 4 0
2.01 4 4
2.02 0 0
2.02 0 4
2.02 4 0
2.02 4 4
2.03 0 0
2.03 0 4
2.03 4 0
2.03 4 4
2.04 0 0
2.04 0 4
2.04 4 0
2.04 4 4
2.05 0 0
2.05 0 4
2.05 4 0
2.05 4 4
2.06 0 0
2.06 0 4
2.06 4 0
2.06 4 4
2.07 0 0
2.07 0 4
2.07 4 0
2.07 4 4
2.08 0 0
2.08 0 4
2.08 4 0
2.08 4 4
2.09 0 0
2.09 0 4
2.09 4 0
2.09 4 4
2.1 0 0
2.1 0 4
2.1 4 0
2.1 4 4
2.11 0 0
2.11 0 4
2.11 4 0
2.11 4 4
2.12 0 0
2.12 0 4
2.12 4 0
2.12 4 4
2.13 0 0
2.13 0 4
2.13 4 0
2.13 4 4
2.14 0 0
2.14 0 4
2.14 4 0
2.14 4 4
2.15 0 0
2.15 0 4
2.15 4 0
2.15 4 4
2.16 0 0
2.16 0 4
2.16 4 0
2.16 4 4
2.17 0 0
2.17 0 4
2.17 4 0
2.17 4 4
2.18 0 0
2.18 0 4
2.18 4 0
2.18 4 4
2.19 0 0
2.19 0 4
2.19 4 0
2.19 4 4
2.2 0 0
2.2 0 4
2.2 4 0
2.2 4 4
2.21 0 0
2.21 0 4
2.21 4 0
2.21 4 4
2.22 0 0
2.22 0 4
2.22 4 0
2.22 4 4
2.23 0 0
2.23 0 4
2.23 4 0
2.23 4 4
2.24 0 0
2.24 0 4
2.24 4 0
2.24 4 4
2.25 0 0
2.25 0 4
2.25 4 0
2.25 4 4
2.26 0 0
2.26 0 4
2.26 4 0
2.26 4 4
2.27 0 0
2.27 0 4
2.27 4 0
2.27 4 4
2.28 0 0
2.28 0 4
2.28 4 0
2.28 4 4
2.29 0 0
2.29 0 4
2.29 4 0
2.29 4 4
2.3 0 0
2.3 0 4
2.3 4 0
2.3 4 4
2.31 0 0
2.31 0 4
2.31 4 0
2.31 4 4
2.32 0 0
2.32 0 4
2.32 4 0
2.32 4 4
2.33 0 0
2.33 0 4
2.33 4 0
2.33 4 4
2.34 0 0
2.34 0 4
2.34 4 0
2.34 4 4
2.35 0 0
2.35 0 4
2.35 4 0
2.35 4 4
2.36 0 0
2.36 0 4
2.36 4 0
2.36 4 4
2.37 0 0
2.37 0 4
2.37 4 0
2.37 4 4
2.38 0 0
2.38 0 4
2.38 4 0
2.38 4 4
2.39 0 0
2.39 0 4
2.39 4 0
2.39 4 4
2.4 0 0
2.4 0 4
2.4 4 0
2.4 4 4
2.41 0 0
2.41 0 4
2.41 4 0
2.41 4 4
2.42 0 0
2.42 0 4
2.42 4 0
2.42 4 4
2.43 0 0
2.43 0 4
2.43 4 0
2.43 4 4
2.44 0 0
2.44 0 4
2.44 4 0
2.44 4 4
2.45 0 0
2.45 0 4
2.45 4 0
2.45 4 4
2.46 0 0
2.46 0 4
2.46 4 0
2.46 4 4
2.47 0 0
2.47 0 4
2.47 4 0
2.47 4 4
2.48 0 0
2.48 0 4
2.48 4 0
2.48 4 4
2.49 0 0
2.49 0 4
2.49 4 0
2.49 4 4
2.5 0 0
2.5 0 4
2.5 4 0
2.5 4 4
2.51 0 0
2.51 0 4
2.51 4 0
2.51 4 4
2.52 0 0
2.52 0 4
2.52 4 0
2.52 4 4
2.53 0 0
2.53 0 4
2.53 4 0
2.53 4 4
2.54 0 0
2.54 0 4
2.54 4 0
2.54 4 4
2.55 0 0
2.55 0 4
2.55 4 0
2.55 4 4
2.56 0 0
2.56 0 4
2.56 4 0
2.56 4 4
2.57 0 0
2.57 0 4
2.57 4 0
2.57 4 4
2.58 0 0
2.58 0 4
2.58 4 0
2.58 4 4
2.59 0 0
2.59 0 4
2.59 4 0
2.59 4 4
2.6 0 0
2.6 0 4
2.6 4 0
2.6 4 4
2.61 0 0
2.61 0 4
2.61 4 0
2.61 4 4
2.62 0 0
2.62 0 4
2.62 4 0
2.62 4 4
2.63 0 0
2.63 0 4
2.63 4 0
2.63 4 4
2.64 0 0
2.64 0 4
2.64 4 0
2.64 4 4
2.65 0 0
2.65 0 4
2.65 4 0
2.65 4 4
2.66 0 0
2.66 0 4
2.66 4 0
2.66 4 4
2.67 0 0
2.67 0 4
2.67 4 0
2.67 4 4
2.68 0 0
2.68 0 4
2.68 4 0
2.68 4 4
2.69 0 0
2.69 0 4
2.69 4 0
2.69 4 4
2.7 0 0
2.7 0 4
2.7 4 0
2.7 4 4
2.71 0 0
2.71 0 4
2.71 4 0
2.71 4 4
2.72 0 0
2.72 0 4
2.72 4 0
2.72 4 4
2.73 0 0
2.73 0 4
2.73 4 0
2.73 4 4
2.74 0 0
2.74 0 4
2.74 4 0
2.74 4 4
2.75 0 0
2.75 0 4
2.75 4 0
2.75 4 4
2.76 0 0
2.76 0 4
2.76 4 0
2.76 4 4
2.77 0 0
2.77 0 4
2.77 4 0
2.77 4 4
2.78 0 0
2.78 0 4
2.78 4 0
2.78 4 4
2.79 0 0
2.79 0 4
2.79 4 0
2.79 4 4
2.8 0 0
2.8 0 4
2.8 4 0
2.8 4 4
2.81 0 0
2.81 0 4
2.81 4 0
2.81 4 4
2.82 0 0
2.82 0 4
2.82 4 0
2.82 4 4
2.83 0 0
2.83 0 4
2.83 4 0
2.83 4 4
2.84 0 0
2.84 0 4
2.84 4 0
2.84 4 4
2.85 0 0
2.85 0 4
2.85 4 0
2.85 4 4
2.86 0 0
2.86 0 4
2.86 4 0
2.86 4 4
2.87 0 0
2.87 0 4
2.87 4 0
2.87 4 4
2.88 0 0
2.88 0 4
2.88 4 0
2.88 4 4
2.89 0 0
2.89 0 4
2.89 4 0
2.89 4 4
2.9 0 0
2.9 0 4
2.9 4 0
2.9 4 4
2.91 0 0
2.91 0 4
2.91 4 0
2.91 4 4
2.92 0 0
2.92 0 4
2.92 4 0
2.92 4 4
2.93 0 0
2.93 0 4
2.93 4 0
2.93 4 4
2.94 0 0
2.94 0 4
2.94 4 0
2.94 4 4
2.95 0 0
2.95 0 4
2.95 4 0
2.95 4 4
2.96 0 0
2.96 0 4
2.96 4 0
2.96 4 4
2.97 0 0
2.97 0 4
2.97 4 0
2.97 4 4
2.98 0 0
2.98 0 4
2.98 4 0
2.98 4 4
2.99 0 0
2.99 0 4
2.99 4 0
2.99 4 4
3 0 0
3 0 4
3 4 0
3 4 4
3.01 0 0
3.01 0 4
3.01 4 0
3.01 4 4
3.02 0 0
3.02 0 4
3.02 4 0
3.02 4 4
3.03 0 0
3.03 0 4
3.03 4 0
3.03 4 4
3.04 0 0
3.04 0 4
3.04 4 0
3.04 4 4
3.05 0 0
3.05 0 4
3.05 4 0
3.05 4 4
3.06 0 0
3.06 0 4
3.06 4 0
3.06 4 4
3.07 0 0
3.07 0 4
3.07 4 0
3.07 4 4
3.08 0 0
3.08 0 4
3.08 4 0
3.08 4 4
3.09 0 0
3.09 0 4
3.09 4 0
3.09 4 4
3.1 0 0
3.1 0 4
3.1 4 0
3.1 4 4
3.11 0 0
3.11 0 4
3.11 4 0
3.11 4 4
3.12 0 0
3.12 0 4
3.12 4 0
3.12 4 4
3.13 0 0
3.13 0 4
3.13 4 0
3.13 4 4
3.14 0 0
3.14 0 4
3.14 4 0
3.14 4 4
3.15 0 0
3.15 0 4
3.15 4 0
3.15 4 4
3.16 0 0
3.16 0 4
3.16 4 0
3.16 4 4
3.17 0 0
3.17 0 4
3.17 4 0
3.17 4 4
3.18 0 0
3.18 0 4
3.18 4 0
3.18 4 4
3.19 0 0
3.19 0 4
3.19 4 0
3.19 4 4
3.2 0 0
3.2 0 4
3.2 4 0
3.2 4 4
3.21 0 0
3.21 0 4
3.21 4 0
3.21 4 4
3.22 0 0
3.22 0 4
3.22 4 0
3.22 4 4
3.23 0 0
3.23 0 4
3.23 4 0
3.23 4 4
3.24 0 0
3.24 0 4
3.24 4 0
3.24 4 4
3.25 0 0
3.25 0 4
3.25 4 0
3.25 4 4
3.26 0 0
3.26 0 4
3.26 4 0
3.26 4 4
3.27 0 0
3.27 0 4
3.27 4 0
3.27 4 4
3.28 0 0
3.28 0 4
3.28 4 0
3.28 4 4
3.29 0 0
3.29 0 4
3.29 4 0
3.29 4 4
3.3 0 0
3.3 0 4
3.3 4 0
3.3 4 4
3.31 0 0
3.31 0 4
3.31 4 0
3.31 4 4
3.32 0 0
3.32 0 4
3.32 4 0
3.32 4 4
3.33 0 0
3.33 0 4
3.33 4 0
3.33 4 4
3.34 0 0
3.34 0 4
3.34 4 0
3.34 4 4
3.35 0 0
3.35 0 4
3.35 4 0
3.35 4 4
3.36 0 0
3.36 0 4
3.36 4 0
3.36 4 4
3.37 0 0
3.37 0 4
3.37 4 0
3.37 4 4
3.38 0 0
3.38 0 4
3.38 4 0
3.38 4 4
3.39 0 0
3.39 0 4
3.39 4 0
3.39 4 4
3.4 0 0
3.4 0 4
3.4 4 0
3.4 4 4
3.41 0 0
3.41 0 4
3.41 4 0
3.41 4 4
3.42 0 0
3.42 0 4
3.42 4 0
3.42 4 4
3.43 0 0
3.43 0 4
3.43 4 0
3.43 4 4
3.44 0 0
3.44 0 4
3.44 4 0
3.44 4 4
3.45 0 0
3.45 0 4
3.45 4 0
3.45 4 4
3.46 0 0
3.46 0 4
3.46 4 0
3.46 4 4
3.47 0 0
3.47 0 4
3.47 4 0
3.47 4 4
3.48 0 0
3.48 0 4
3.48 4 0
3.48 4 4
3.49 0 0
3.49 0 4
3.49 4 0
3.49 4 4
3.5 0 0
3.5 0 4
3.5 4 0
3.5 4 4
3.51 0 0
3.51 0 4
3.51 4 0
3.51 4 4
3.52 0 0
3.52 0 4
3.52 4 0
3.52 4 4
3.53 0 0
3.53 0 4
3.53 4 0
3.53 4 4
3.54 0 0
3.54 0 4
3.54 4 0
3.54 4 4
3.55 0 0
3.55 0 4
3.55 4 0
3.55 4 4
3.56 0 0
3.56 0 4
3.56 4 0
3.56 4 4
3.57 0 0
3.57 0 4
3.57 4 0
3.57 4 4
3.58 0 0
3.58 0 4
3.58 4 0
3.58 4 4
3.59 0 0
3.59 0 4
3.59 4 0
3.59 4 4
3.6 0 0
3.6 0 4
3.6 4 0
3.6 4 4
3.61 0 0
3.61 0 4
3.61 4 0
3.61 4 4
3.62 0 0
3.62 0 4
3.62 4 0
3.62 4 4
3.63 0 0
3.63 0 4
3.63 4 0
3.63 4 4
3.64 0 0
3.64 0 4
3.64 4 0
3.64 4 4
3.65 0 0
3.65 0 4
3.65 4 0
3.65 4 4
3.66 0 0
3.66 0 4
3.66 4 0
3.66 4 4
3.67 0 0
3.67 0 4
3.67 4 0
3.67 4 4
3.68 0 0
3.68 0 4
3.68 4 0
3.68 4 4
3.69 0 0
3.69 0 4
3.69 4 0
3.69 4 4
3.7 0 0
3.7 0 4
3.7 4 0
3.7 4 4
3.71 0 0
3.71 0 4
3.71 4 0
3.71 4 4
3.72 0 0
3.72 0 4
3.72 4 0
3.72 4 4
3.73 0 0
3.73 0 4
3.73 4 0
3.73 4 4
3.74 0 0
3.74 0 4
3.74 4 0
3.74 4 4
3.75 0 0
3.75 0 4
3.75 4 0
3.75 4 4
3.76 0 0
3.76 0 4
3.76 4 0
3.76 4 4
3.77 0 0
3.77 0 4
3.77 4 0
3.77 4 4
3.78 0 0
3.78 0 4
3.78 4 0
3.78 4 4
3.79 0 0
3.79 0 4
3.79 4 0
3.79 4 4
3.8 0 0
3.8 0 4
3.8 4 0
3.8 4 4
3.81 0 0
3.81 0 4
3.81 4 0
3.81 4 4
3.82 0 0
3.82 0 4
3.82 4 0
3.82 4 4
3.83 0 0
3.83 0 4
3.83 4 0
3.83 4 4
3.84 0 0
3.84 0 4
3.84 4 0
3.84 4 4
3.85 0 0
3.85 0 4
3.85 4 0
3.85 4 4
3.86 0 0
3.86 0 4
3.86 4 0
3.86 4 4
3.87 0 0
3.87 0 4
3.87 4 0
3.87 4 4
3.88 0 0
3.88 0 4
3.88 4 0
3.88 4 4
3.89 0 0
3.89 0 4
3.89 4 0
3.89 4 4
3.9 0 0
3.9 0 4
3.9 4 0
3.9 4 4
3.91 0 0
3.91 0 4
3.91 4 0
3.91 4 4
3.92 0 0
3.92 0 4
3.92 4 0
3.92 4 4
3.93 0 0
3.93 0 4
3.93 4 0
3.93 4 4
3.94 0 0
3.94 0 4
3.94 4 0
3.94 4 4
3.95 0 0
3.95 0 4
3.95 4 0
3.95 4 4
3.96 0 0
3.96 0 4
3.96 4 0
3.96 4 4
3.97 0 0
3.97 0 4
3.97 4 0
3.97 4 4
3.98 0 0
3.98 0 4
3.98 4 0
3.98 4 4
3.99 0 0
3.99 0 4
3.99 4 0
3.99 4 4
4 0 0
4 0 0.01
4 0 0.02
4 0 0.03
4 0 0.04
4 0 0.05
4 0 0.06
4 0 0.07
4 0 0.08
4 0 0.09
4 0 0.1
4 0 0.11
4 0 0.12
4 0 0.13
4 0 0.14
4 0 0.15
4 0 0.16
4 0 0.17
4 0 0.18
4 0 0.19
4 0 0.2
4 0 0.21
4 0 0.22
4 0 0.23
4 0 0.24
4 0 0.25
4 0 0.26
4 0 0.27
4 0 0.28
4 0 0.29
4 0 0.3
4 0 0.31
4 0 0.32
4 0 0.33
4 0 0.34
4 0 0.35
4 0 0.36
4 0 0.37
4 0 0.38
4 0 0.39
4 0 0.4
4 0 0.41
4 0 0.42
4 0 0.43
4 0 0.44
4 0 0.45
4 0 0.46
4 0 0.47
4 0 0.48
4 0 0.49
4 0 0.5
4 0 0.51
4 0 0.52
4 0 0.53
4 0 0.54
4 0 0.55
4 0 0.56
4 0 0.57
4 0 0.58
4 0 0.59
4 0 0.6
4 0 0.61
4 0 0.62
4 0 0.63
4 0 0.64
4 0 0.65
4 0 0.66
4 0 0.67
4 0 0.68
4 0 0.69
4 0 0.7
4 0 0.71
4 0 0.72
4 0 0.73
4 0 0.74
4 0 0.75
4 0 0.76
4 0 0.77
4 0 0.78
4 0 0.79
4 0 0.8
4 0 0.81
4 0 0.82
4 0 0.83
4 0 0.84
4 0 0.85
4 0 0.86
4 0 0.87
4 0 0.88
4 0 0.89
4 0 0.9
4 0 0.91
4 0 0.92
4 0 0.93
4 0 0.94
4 0 0.95
4 0 0.96
4 0 0.97
4 0 0.98
4 0 0.99
4 0 1
4 0 1.01
4 0 1.02
4 0 1.03
4 0 1.04
4 0 1.05
4 0 1.06
4 0 1.07
4 0 1.08
4 0 1.09
4 0 1.1
4 0 1.11
4 0 1.12
4 0 1.13
4 0 1.14
4 0 1.15
4 0 1.16
4 0 1.17
4 0 1.18
4 0 1.19
4 0 1.2
4 0 1.21
4 0 1.22
4 0 1.23
4 0 1.24
4 0 1.25
4 0 1.26
4 0 1.27
4 0 1.28
4 0 1.29
4 0 1.3
4 0 1.31
4 0 1.32
4 0 1.33
4 0 1.34
4 0 1.35
4 0 1.36
4 0 1.37
4 0 1.38
4 0 1.39
4 0 1.4
4 0 1.41
4 0 1.42
4 0 1.43
4 0 1.44
4 0 1.45
4 0 1.46
4 0 1.47
4 0 1.48
4 0 1.49
4 0 1.5
4 0 1.51
4 0 1.52
4 0 1.53
4 0 1.54
4 0 1.55
4 0 1.56
4 0 1.57
4 0 1.58
4 0 1.59
4 0 1.6
4 0 1.61
4 0 1.62
4 0 1.63
4 0 1.64
4 0 1.65
4 0 1.66
4 0 1.67
4 0 1.68
4 0 1.69
4 0 1.7
4 0 1.71
4 0 1.72
4 0 1.73
4 0 1.74
4 0 1.75
4 0 1.76
4 0 1.77
4 0 1.78
4 0 1.79
4 0 1.8
4 0 1.81
4 0 1.82
4 0 1.83
4 0 1.84
4 0 1.85
4 0 1.86
4 0 1.87
4 0 1.88
4 0 1.89
4 0 1.9
4 0 1.91
4 0 1.92
4 0 1.93
4 0 1.94
4 0 1.95
4 0 1.96
4 0 1.97
4 0 1.98
4 0 1.99
4 0 2
4 0 2.01
4 0 2.02
4 0 2.03
4 0 2.04
4 0 2.05
4 0 2.06
4 0 2.07
4 0 2.08
4 0 2.09
4 0 2.1
4 0 2.11
4 0 2.12
4 0 2.13
4 0 2.14
4 0 2.15
4 0 2.16
4 0 2.17
4 0 2.18
4 0 2.19
4 0 2.2
4 0 2.21
4 0 2.22
4 0 2.23
4 0 2.24
4 0 2.25
4 0 2.26
4 0 2.27
4 0 2.28
4 0 2.29
4 0 2.3
4 0 2.31
4 0 2.32
4 0 2.33
4 0 2.34
4 0 2.35
4 0 2.36
4 0 2.37
4 0 2.38
4 0 2.39
4 0 2.4
4 0 2.41
4 0 2.42
4 0 2.43
4 0 2.44
4 0 2.45
4 0 2.46
4 0 2.47
4 0 2.48
4 0 2.49
4 0 2.5
4 0 2.51
4 0 2.52
4 0 2.53
4 0 2.54
4 0 2.55
4 0 2.56
4 0 2.57
4 0 2.58
4 0 2.59
4 0 2.6
4 0 2.61
4 0 2.62
4 0 2.63
4 0 2.64
4 0 2.65
4 0 2.66
4 0 2.67
4 0 2.68
4 0 2.69
4 0 2.7
4 0 2.71
4 0 2.72
4 0 2.73
4 0 2.74
4 0 2.75
4 0 2.76
4 0 2.77
4 0 2.78
4 0 2.79
4 0 2.8
4 0 2.81
4 0 2.82
4 0 2.83
4 0 2.84
4 0 2.85
4 0 2.86
4 0 2.87
4 0 2.88
4 0 2.89
4 0 2.9
4 0 2.91
4 0 2.92
4 0 2.93
4 0 2.94
4 0 2.95
4 0 2.96
4 0 2.97
4 0 2.98
4 0 2.99
4 0 3
4 0 3.01
4 0 3.02
4 0 3.03
4 0 3.04
4 0 3.05
4 0 3.06
4 0 3.07
4 0 3.08
4 0 3.09
4 0 3.1
4 0 3.11
4 0 3.12
4 0 3.13
4 0 3.14
4 0 3.15
4 0 3.16
4 0 3.17
4 0 3.18
4 0 3.19
4 0 3.2
4 0 3.21
4 0 3.22
4 0 3.23
4 0 3.24
4 0 3.25
4 0 3.26
4 0 3.27
4 0 3.28
4 0 3.29
4 0 3.3
4 0 3.31
4 0 3.32
4 0 3.33
4 0 3.34
4 0 3.35
4 0 3.36
4 0 3.37
4 0 3.38
4 0 3.39
4 0 3.4
4 0 3.41
4 0 3.42
4 0 3.43
4 0 3.44
4 0 3.45
4 0 3.46
4 0 3.47
4 0 3.48
4 0 3.49
4 0 3.5
4 0 3.51
4 0 3.52
4 0 3.53
4 0 3.54
4 0 3.55
4 0 3.56
4 0 3.57
4 0 3.58
4 0 3.59
4 0 3.6
4 0 3.61
4 0 3.62
4 0 3.63
4 0 3.64
4 0 3.65
4 0 3.66
4 0 3.67
4 0 3.68
4 0 3.69
4 0 3.7
4 0 3.71
4 0 3.72
4 0 3.73
4 0 3.74
4 0 3.75
4 0 3.76
4 0 3.77
4 0 3.78
4 0 3.79
4 0 3.8
4 0 3.81
4 0 3.82
4 0 3.83
4 0 3.84
4 0 3.85
4 0 3.86
4 0 3.87
4 0 3.88
4 0 3.89
4 0 3.9
4 0 3.91
4 0 3.92
4 0 3.93
4 0 3.94
4 0 3.95
4 0 3.96
4 0 3.97
4 0 3.98
4 0 3.99
4 0 4
4 0.01 0
4 0.01 4
4 0.02 0
4 0.02 4
4 0.03 0
4 0.03 4
4 0.04 0
4 0.04 4
4 0.05 0
4 0.05 4
4 0.06 0
4 0.06 4
4 0.07 0
4 0.07 4
4 0.08 0
4 0.08 4
4 0.09 0
4 0.09 4
4 0.1 0
4 0.1 4
4 0.11 0
4 0.11 4
4 0.12 0
4 0.12 4
4 0.13 0
4 0.13 4
4 0.14 0
4 0.14 4
4 0.15 0
4 0.15 4
4 0.16 0
4 0.16 4
4 0.17 0
4 0.17 4
4 0.18 0
4 0.18 4
4 0.19 0
4 0.19 4
4 0.2 0
4 0.2 4
4 0.21 0
4 0.21 4
4 0.22 0
4 0.22 4
4 0.23 0
4 0.23 4
4 0.24 0
4 0.24 4
4 0.25 0
4 0.25 4
4 0.26 0
4 0.26 4
4 0.27 0
4 0.27 4
4 0.28 0
4 0.28 4
4 0.29 0
4 0.29 4
4 0.3 0
4 0.3 4
4 0.31 0
4 0.31 4
4 0.32 0
4 0.32 4
4 0.33 0
4 0.33 4
4 0.34 0
4 0.34 4
4 0.35 0
4 0.35 4
4 0.36 0
4 0.36 4
4 0.37 0
4 0.37 4
4 0.38 0
4 0.38 4
4 0.39 0
4 0.39 4
4 0.4 0
4 0.4 4
4 0.41 0
4 0.41 4
4 0.42 0
4 0.42 4
4 0.43 0
4 0.43 4
4 0.44 0
4 0.44 4
4 0.45 0
4 0.45 4
4 0.46 0
4 0.46 4
4 0.47 0
4 0.47 4
4 0.48 0
4 0.48 4
4 0.49 0
4 0.49 4
4 0.5 0
4 0.5 4
4 0.51 0
4 0.51 4
4 0.52 0
4 0.52 4
4 0.53 0
4 0.53 4
4 0.54 0
4 0.54 4
4 0.55 0
4 0.55 4
4 0.56 0
4 0.56 4
4 0.57 0
4 0.57 4
4 0.58 0
4 0.58 4
4 0.59 0
4 0.59 4
4 0.6 0
4 0.6 4
4 0.61 0
4 0.61 4
4 0.62 0
4 0.62 4
4 0.63 0
4 0.63 4
4 0.64 0
4 0.64 4
4 0.65 0
4 0.65 4
4 0.66 0
4 0.66 4
4 0.67 0
4 0.67 4
4 0.68 0
4 0.68 4
4 0.69 0
4 0.69 4
4 0.7 0
4 0.7 4
4 0.71 0
4 0.71 4
4 0.72 0
4 0.72 4
4 0.73 0
4 0.73 4
4 0.74 0
4 0.74 4
4 0.75 0
4 0.75 4
4 0.76 0
4 0.76 4
4 0.77 0
4 0.77 4
4 0.78 0
4 0.78 4
4 0.79 0
4 0.79 4
4 0.8 0
4 0.8 4
4 0.81 0
4 0.81 4
4 0.82 0
4 0.82 4
4 0.83 0
4 0.83 4
4 0.84 0
4 0.84 4
4 0.85 0
4 0.85 4
4 0.86 0
4 0.86 4
4 0.87 0
4 0.87 4
4 0.88 0
4 0.88 4
4 0.89 0
4 0.89 4
4 0.9 0
4 0.9 4
4 0.91 0
4 0.91 4
4 0.92 0
4 0.92 4
4 0.93 0
4 0.93 4
4 0.94 0
4 0.94 4
4 0.95 0
4 0.95 4
4 0.96 0
4 0.96 4
4 0.97 0
4 0.97 4
4 0.98 0
4 0.98 4
4 0.99 0
4 0.99 4
4 1 0
4 1 4
4 1.01 0
4 1.01 4
4 1.02 0
4 1.02 4
4 1.03 0
4 1.03 4
4 1.04 0
4 1.04 4
4 1.05 0
4 1.05 4
4 1.06 0
4 1.06 4
4 1.07 0
4 1.07 4
4 1.08 0
4 1.08 4
4 1.09 0
4 1.09 4
4 1.1 0
4 1.1 4
4 1.11 0
4 1.11 4
4 1.12 0
4 1.12 4
4 1.13 0
4 1.13 4
4 1.14 0
4 1.14 4
4 1.15 0
4 1.15 4
4 1.16 0
4 1.16 4
4 1.17 0
4 1.17 4
4 1.18 0
4 1.18 4
4 1.19 0
4 1.19 4
4 1.2 0
4 1.2 4
4 1.21 0
4 1.21 4
4 1.22 0
4 1.22 4
4 1.23 0
4 1.23 4
4 1.24 0
4 1.24 4
4 1.25 0
4 1.25 4
4 1.26 0
4 1.26 4
4 1.27 0
4 1.27 4
4 1.28 0
4 1.28 4
4 1.29 0
4 1.29 4
4 1.3 0
4 1.3 4
4 1.31 0
4 1.31 4
4 1.32 0
4 1.32 4
4 1.33 0
4 1.33 4
4 1.34 0
4 1.34 4
4 1.35 0
4 1.35 4
4 1.36 0
4 1.36 4
4 1.37 0
4 1.37 4
4 1.38 0
4 1.38 4
4 1.39 0
4 1.39 4
4 1.4 0
4 1.4 4
4 1.41 0
4 1.41 4
4 1.42 0
4 1.42 4
4 1.43 0
4 1.43 4
4 1.44 0
4 1.44 4
4 1.45 0
4 1.45 4
4 1.46 0
4 1.46 4
4 1.47 0
4 1.47 4
4 1.48 0
4 1.48 4
4 1.49 0
4 1.49 4
4 1.5 0
4 1.5 4
4 1.51 0
4 1.51 4
4 1.52 0
4 1.52 4
4 1.53 0
4 1.53 4
4 1.54 0
4 1.54 4
4 1.55 0
4 1.55 4
4 1.56 0
4 1.56 4
4 1.57 0
4 1.57 4
4 1.58 0
4 1.58 4
4 1.59 0
4 1.59 4
4 1.6 0
4 1.6 4
4 1.61 0
4 1.61 4
4 1.62 0
4 1.62 4
4 1.63 0
4 1.63 4
4 1.64 0
4 1.64 4
4 1.65 0
4 1.65 4
4 1.66 0
4 1.66 4
4 1.67 0
4 1.67 4
4 1.68 0
4 1.68 4
4 1.69 0
4 1.69 4
4 1.7 0
4 1.7 4
4 1.71 0
4 1.71 4
4 1.72 0
4 1.72 4
4 1.73 0
4 1.73 4
4 1.74 0
4 1.74 4
4 1.75 0
4 1.75 4
4 1.76 0
4 1.76 4
4 1.77 0
4 1.77 4
4 1.78 0
4 1.78 4
4 1.79 0
4 1.79 4
4 1.8 0
4 1.8 4
4 1.81 0
4 1.81 4
4 1.82 0
4 1.82 4
4 1.83 0
4 1.83 4
4 1.84 0
4 1.84 4
4 1.85 0
4 1.85 4
4 1.86 0
4 1.86 4
4 1.87 0
4 1.87 4
4 1.88 0
4 1.88 4
4 1.89 0
4 1.89 4
4 1.9 0
4 1.9 4
4 1.91 0
4 1.91 4
4 1.92 0
4 1.92 4
4 1.93 0
4 1.93 4
4 1.94 0
4 1.94 4
4 1.95 0
4 1.95 4
4 1.96 0
4 1.96 4
4 1.97 0
4 1.97 4
4 1.98 0
4 1.98 4
4 1.99 0
4 1.99 4
4 2 0
4 2 4
4 2.01 0
4 2.01 4
4 2.02 0
4 2.02 4
4 2.03 0
4 2.03 4
4 2.04 0
4 2.04 4
4 2.05 0
4 2.05 4
4 2.06 0
4 2.06 4
4 2.07 0
4 2.07 4
4 2.08 0
4 2.08 4
4 2.09 0
4 2.09 4
4 2.1 0
4 2.1 4
4 2.11 0
4 2.11 4
4 2.12 0
4 2.12 4
4 2.13 0
4 2.13 4
4 2.14 0
4 2.14 4
4 2.15 0
4 2.15 4
4 2.16 0
4 2.16 4
4 2.17 0
4 2.17 4
4 2.18 0
4 2.18 4
4 2.19 0
4 2.19 4
4 2.2 0
4 2.2 4
4 2.21 0
4 2.21 4
4 2.22 0
4 2.22 4
4 2.23 0
4 2.23 4
4 2.24 0
4 2.24 4
4 2.25 0
4 2.25 4
4 2.26 0
4 2.26 4
4 2.27 0
4 2.27 4
4 2.28 0
4 2.28 4
4 2.29 0
4 2.29 4
4 2.3 0
4 2.3 4
4 2.31 0
4 2.31 4
4 2.32 0
4 2.32 4
4 2.33 0
4 2.33 4
4 2.34 0
4 2.34 4
4 2.35 0
4 2.35 4
4 2.36 0
4 2.36 4
4 2.37 0
4 2.37 4
4 2.38 0
4 2.38 4
4 2.39 0
4 2.39 4
4 2.4 0
4 2.4 4
4 2.41 0
4 2.41 4
4 2.42 0
4 2.42 4
4 2.43 0
4 2.43 4
4 2.44 0
4 2.44 4
4 2.45 0
4 2.45 4
4 2.46 0
4 2.46 4
4 2.47 0
4 2.47 4
4 2.48 0
4 2.48 4
4 2.49 0
4 2.49 4
4 2.5 0
4 2.5 4
4 2.51 0
4 2.51 4
4 2.52 0
4 2.52 4
4 2.53 0
4 2.53 4
4 2.54 0
4 2.54 4
4 2.55 0
4 2.55 4
4 2.56 0
4 2.56 4
4 2.57 0
4 2.57 4
4 2.58 0
4 2.58 4
4 2.59 0
4 2.59 4
4 2.6 0
4 2.6 4
4 2.61 0
4 2.61 4
4 2.62 0
4 2.62 4
4 2.63 0
4 2.63 4
4 2.64 0
4 2.64 4
4 2.65 0
4 2.65 4
4 2.66 0
4 2.66 4
4 2.67 0
4 2.67 4
4 2.68 0
4 2.68 4
4 2.69 0
4 2.69 4
4 2.7 0
4 2.7 4
4 2.71 0
4 2.71 4
4 2.72 0
4 2.72 4
4 2.73 0
4 2.73 4
4 2.74 0
4 2.74 4
4 2.75 0
4 2.75 4
4 2.76 0
4 2.76 4
4 2.77 0
4 2.77 4
4 2.78 0
4 2.78 4
4 2.79 0
4 2.79 4
4 2.8 0
4 2.8 4
4 2.81 0
4 2.81 4
4 2.82 0
4 2.82 4
4 2.83 0
4 2.83 4
4 2.84 0
4 2.84 4
4 2.85 0
4 2.85 4
4 2.86 0
4 2.86 4
4 2.87 0
4 2.87 4
4 2.88 0
4 2.88 4
4 2.89 0
4 2.89 4
4 2.9 0
4 2.9 4
4 2.91 0
4 2.91 4
4 2.92 0
4 2.92 4
4 2.93 0
4 2.93 4
4 2.94 0
4 2.94 4
4 2.95 0
4 2.95 4
4 2.96 0
4 2.96 4
4 2.97 0
4 2.97 4
4 2.98 0
4 2.98 4
4 2.99 0
4 2.99 4
4 3 0
4 3 4
4 3.01 0
4 3.01 4
4 3.02 0
4 3.02 4
4 3.03 0
4 3.03 4
4 3.04 0
4 3.04 4
4 3.05 0
4 3.05 4
4 3.06 0
4 3.06 4
4 3.07 0
4 3.07 4
4 3.08 0
4 3.08 4
4 3.09 0
4 3.09 4
4 3.1 0
4 3.1 4
4 3.11 0
4 3.11 4
4 3.12 0
4 3.12 4
4 3.13 0
4 3.13 4
4 3.14 0
4 3.14 4
4 3.15 0
4 3.15 4
4 3.16 0
4 3.16 4
4 3.17 0
4 3.17 4
4 3.18 0
4 3.18 4
4 3.19 0
4 3.19 4
4 3.2 0
4 3.2 4
4 3.21 0
4 3.21 4
4 3.22 0
4 3.22 4
4 3.23 0
4 3.23 4
4 3.24 0
4 3.24 4
4 3.25 0
4 3.25 4
4 3.26 0
4 3.26 4
4 3.27 0
4 3.27 4
4 3.28 0
4 3.28 4
4 3.29 0
4 3.29 4
4 3.3 0
4 3.3 4
4 3.31 0
4 3.31 4
4 3.32 0
4 3.32 4
4 3.33 0
4 3.33 4
4 3.34 0
4 3.34 4
4 3.35 0
4 3.35 4
4 3.36 0
4 3.36 4
4 3.37 0
4 3.37 4
4 3.38 0
4 3.38 4
4 3.39 0
4 3.39 4
4 3.4 0
4 3.4 4
4 3.41 0
4 3.41 4
4 3.42 0
4 3.42 4
4 3.43 0
4 3.43 4
4 3.44 0
4 3.44 4
4 3.45 0
4 3.45 4
4 3.46 0
4 3.46 4
4 3.47 0
4 3.47 4
4 3.48 0
4 3.48 4
4 3.49 0
4 3.49 4
4 3.5 0
4 3.5 4
4 3.51 0
4 3.51 4
4 3.52 0
4 3.52 4
4 3.53 0
4 3.53 4
4 3.54 0
4 3.54 4
4 3.55 0
4 3.55 4
4 3.56 0
4 3.56 4
4 3.57 0
4 3.57 4
4 3.58 0
4 3.58 4
4 3.59 0
4 3.59 4
4 3.6 0
4 3.6 4
4 3.61 0
4 3.61 4
4 3.62 0
4 3.62 4
4 3.63 0
4 3.63 4
4 3.64 0
4 3.64 4
4 3.65 0
4 3.65 4
4 3.66 0
4 3.66 4
4 3.67 0
4 3.67 4
4 3.68 0
4 3.68 4
4 3.69 0
4 3.69 4
4 3.7 0
4 3.7 4
4 3.71 0
4 3.71 4
4 3.72 0
4 3.72 4
4 3.73 0
4 3.73 4
4 3.74 0
4 3.74 4
4 3.75 0
4 3.75 4
4 3.76 0
4 3.76 4
4 3.77 0
4 3.77 4
4 3.78 0
4 3.78 4
4 3.79 0
4 3.79 4
4 3.8 0
4 3.8 4
4 3.81 0
4 3.81 4
4 3.82 0
4 3.82 4
4 3.83 0
4 3.83 4
4 3.84 0
4 3.84 4
4 3.85 0
4 3.85 4
4 3.86 0
4 3.86 4
4 3.87 0
4 3.87 4
4 3.88 0
4 3.88 4
4 3.89 0
4 3.89 4
4 3.9 0
4 3.9 4
4 3.91 0
4 3.91 4
4 3.92 0
4 3.92 4
4 3.93 0
4 3.93 4
4 3.94 0
4 3.94 4
4 3.95 0
4 3.95 4
4 3.96 0
4 3.96 4
4 3.97 0
4 3.97 4
4 3.98 0
4 3.98 4
4 3.99 0
4 3.99 4
4 4 0
4 4 0.01
4 4 0.02
4 4 0.03
4 4 0.04
4 4 0.05
4 4 0.06
4 4 0.07
4 4 0.08
4 4 0.09
4 4 0.1
4 4 0.11
4 4 0.12
4 4 0.13
4 4 0.14
4 4 0.15
4 4 0.16
4 4 0.17
4 4 0.18
4 4 0.19
4 4 0.2
4 4 0.21
4 4 0.22
4 4 0.23
4 4 0.24
4 4 0.25
4 4 0.26
4 4 0.27
4 4 0.28
4 4 0.29
4 4 0.3
4 4 0.31
4 4 0.32
4 4 0.33
4 4 0.34
4 4 0.35
4 4 0.36
4 4 0.37
4 4 0.38
4 4 0.39
4 4 0.4
4 4 0.41
4 4 0.42
4 4 0.43
4 4 0.44
4 4 0.45
4 4 0.46
4 4 0.47
4 4 0.48
4 4 0.49
4 4 0.5
4 4 0.51
4 4 0.52
4 4 0.53
4 4 0.54
4 4 0.55
4 4 0.56
4 4 0.57
4 4 0.58
4 4 0.59
4 4 0.6
4 4 0.61
4 4 0.62
4 4 0.63
4 4 0.64
4 4 0.65
4 4 0.66
4 4 0.67
4 4 0.68
4 4 0.69
4 4 0.7
4 4 0.71
4 4 0.72
4 4 0.73
4 4 0.74
4 4 0.75
4 4 0.76
4 4 0.77
4 4 0.78
4 4 0.79
4 4 0.8
4 4 0.81
4 4 0.82
4 4 0.83
4 4 0.84
4 4 0.85
4 4 0.86
4 4 0.87
4 4 0.88
4 4 0.89
4 4 0.9
4 4 0.91
4 4 0.92
4 4 0.93
4 4 0.94
4 4 0.95
4 4 0.96
4 4 0.97
4 4 0.98
4 4 0.99
4 4 1
4 4 1.01
4 4 1.02
4 4 1.03
4 4 1.04
4 4 1.05
4 4 1.06
4 4 1.07
4 4 1.08
4 4 1.09
4 4 1.1
4 4 1.11
4 4 1.12
4 4 1.13
4 4 1.14
4 4 1.15
4 4 1.16
4 4 1.17
4 4 1.18
4 4 1.19
4 4 1.2
4 4 1.21
4 4 1.22
4 4 1.23
4 4 1.24
4 4 1.25
4 4 1.26
4 4 1.27
4 4 1.28
4 4 1.29
4 4 1.3
4 4 1.31
4 4 1.32
4 4 1.33
4 4 1.34
4 4 1.35
4 4 1.36
4 4 1.37
4 4 1.38
4 4 1.39
4 4 1.4
4 4 1.41
4 4 1.42
4 4 1.43
4 4 1.44
4 4 1.45
4 4 1.46
4 4 1.47
4 4 1.48
4 4 1.49
4 4 1.5
4 4 1.51
4 4 1.52
4 4 1.53
4 4 1.54
4 4 1.55
4 4 1.56
4 4 1.57
4 4 1.58
4 4 1.59
4 4 1.6
4 4 1.61
4 4 1.62
4 4 1.63
4 4 1.64
4 4 1.65
4 4 1.66
4 4 1.67
4 4 1.68
4 4 1.69
4 4 1.7
4 4 1.71
4 4 1.72
4 4 1.73
4 4 1.74
4 4 1.75
4 4 1.76
4 4 1.77
4 4 1.78
4 4 1.79
4 4 1.8
4 4 1.81
4 4 1.82
4 4 1.83
4 4 1.84
4 4 1.85
4 4 1.86
4 4 1.87
4 4 1.88
4 4 1.89
4 4 1.9
4 4 1.91
4 4 1.92
4 4 1.93
4 4 1.94
4 4 1.95
4 4 1.96
4 4 1.97
4 4 1.98
4 4 1.99
4 4 2
4 4 2.01
4 4 2.02
4 4 2.03
4 4 2.04
4 4 2.05
4 4 2.06
4 4 2.07
4 4 2.08
4 4 2.09
4 4 2.1
4 4 2.11
4 4 2.12
4 4 2.13
4 4 2.14
4 4 2.15
4 4 2.16
4 4 2.17
4 4 2.18
4 4 2.19
4 4 2.2
4 4 2.21
4 4 2.22
4 4 2.23
4 4 2.24
4 4 2.25
4 4 2.26
4 4 2.27
4 4 2.28
4 4 2.29
4 4 2.3
4 4 2.31
4 4 2.32
4 4 2.33
4 4 2.34
4 4 2.35
4 4 2.36
4 4 2.37
4 4 2.38
4 4 2.39
4 4 2.4
4 4 2.41
4 4 2.42
4 4 2.43
4 4 2.44
4 4 2.45
4 4 2.46
4 4 2.47
4 4 2.48
4 4 2.49
4 4 2.5
4 4 2.51
4 4 2.52
4 4 2.53
4 4 2.54
4 4 2.55
4 4 2.56
4 4 2.57
4 4 2.58
4 4 2.59
4 4 2.6
4 4 2.61
4 4 2.62
4 4 2.63
4 4 2.64
4 4 2.65
4 4 2.66
4 4 2.67
4 4 2.68
4 4 2.69
4 4 2.7
4 4 2.71
4 4 2.72
4 4 2.73
4 4 2.74
4 4 2.75
4 4 2.76
4 4 2.77
4 4 2.78
4 4 2.79
4 4 2.8
4 4 2.81
4 4 2.82
4 4 2.83
4 4 2.84
4 4 2.85
4 4 2.86
4 4 2.87
4 4 2.88
4 4 2.89
4 4 2.9
4 4 2.91
4 4 2.92
4 4 2.93
4 4 2.94
4 4 2.95
4 4 2.96
4 4 2.97
4 4 2.98
4 4 2.99
4 4 3
4 4 3.01
4 4 3.02
4 4 3.03
4 4 3.04
4 4 3.05
4 4 3.06
4 4 3.07
4 4 3.08
4 4 3.09
4 4 3.1
4 4 3.11
4 4 3.12
4 4 3.13
4 4 3.14
4 4 3.15
4 4 3.16
4 4 3.17
4 4 3.18
4 4 3.19
4 4 3.2
4 4 3.21
4 4 3.22
4 4 3.23
4 4 3.24
4 4 3.25
4 4 3.26
4 4 3.27
4 4 3.28
4 4 3.29
4 4 3.3
4 4 3.31
4 4 3.32
4 4 3.33
4 4 3.34
4 4 3.35
4 4 3.36
4 4 3.37
4 4 3.38
4 4 3.39
4 4 3.4
4 4 3.41
4 4 3.42
4 4 3.43
4 4 3.44
4 4 3.45
4 4 3.46
4 4 3.47
4 4 3.48
4 4 3.49
4 4 3.5
4 4 3.51
4 4 3.52
4 4 3.53
4 4 3.54
4 4 3.55
4 4 3.56
4 4 3.57
4 4 3.58
4 4 3.59
4 4 3.6
4 4 3.61
4 4 3.62
4 4 3.63
4 4 3.64
4 4 3.65
4 4 3.66
4 4 3.67
4 4 3.68
4 4 3.69
4 4 3.7
4 4 3.71
4 4 3.72
4 4 3.73
4 4 3.74
4 4 3.75
4 4 3.76
4 4 3.77
4 4 3.78
4 4 3.79
4 4 3.8
4 4 3.81
4 4 3.82
4 4 3.83
4 4 3.84
4 4 3.85
4 4 3.86
4 4 3.87
4 4 3.88
4 4 3.89
4 4 3.9
4 4 3.91
4 4 3.92
4 4 3.93
4 4 3.94
4 4 3.95
4 4 3.96
4 4 3.97
4 4 3.98
4 4 3.99
4 4 4
